473
1862
2164
4062
4668
5604
7898
9348
9474
10000
10833
11041
11605
12480
12711
13861
14169
14179
15187
15474
15571
15629
15855
16234
16959
17556
17718
19642
20259
20772
21601
22305
22359
22510
23078
23123
23170
23447
24019
24501
25095
25601
27117
27902
28832
29459
29569
30540
30604
30816
31068
31337
32252
32372
33753
34292
36723
36935
37136
37380
37845
38437
39749
40078
41343
43489
44613
45613
45626
47412
48044
49383
49886
50438
52019
52609
52816
52899
54561
54613
54664
55281
56078
56251
56917
57182
57807
57881
57882
57883
58195
58327
59113
59308
59316
59374
59501
59748
60096
61177
63595
63803
64142
64489
65668
65752
66135
66288
66587
66993
67232
67255
67620
69595
69668
70019
70021
70023
70025
70027
70561
71221
71958
71959
71982
72170
72911
72968
73078
73079
73080
73198
73679
73693
74056
75726
75933
76619
76721
77143
77404
77455
79344
80261
80353
80425
80432
80993
82681
82683
84132
85541
85542
85544
85545
85585
86310
87062
87573
88074
89888
90595
90695
91058
91380
91462
91963
92147
92750
92752
93916
94130
94666
94857
95788
95914
96714
96746
97024
97057
97555
97575
97668
97714
97823
97881
98171
98246
99091
99213
99263
99618
100595
101403
102683
103337
103477
103501
104706
104755
104932
105028
105213
105371
105681
106244
106895
107224
107536
108109
108368
108489
108645
109000
109110
109394
109513
110674
110848
111166
111686
111847
111870
112033
112404
112449
112540
112895
112961
113048
113135
113461
113466
113551
113970
114494
114788
114789
115026
115180
115300
115720
115861
116087
116115
116380
116432
116477
116920
116931
116954
117130
117371
117593
117968
118416
118513
118683
118749
118757
118940
119482
119572
119575
119582
119594
119635
119833
120125
120291
120393
120428
120621
121144
121804
121869
122034
122599
122600
122601
122602
122603
122604
122707
122883
123068
123180
123265
123298
123299
123715
123772
123788
124105
124217
124509
124510
125268
125353
125354
126014
126017
126087
126689
126901
127145
127250
127505
127508
127509
127510
127511
127512
127513
127514
127895
127950
128217
128421
128551
128628
128695
128900
129046
129373
129736
129763
129773
129871
129993
130117
130127
130133
130457
130650
130668
130711
130718
130721
130829
131143
131408
131485
131569
131624
131764
132479
132572
132700
132735
132739
132773
133213
133216
133235
133242
133912
133913
134240
134511
134819
135117
135121
135125
135358
135677
135835
136141
136160
136344
136748
136752
136841
137544
137773
137835
137901
137932
137983
138317
138339
138517
138601
138841
138844
138947
138951
138967
138968
138969
138970
138972
138973
138974
138975
138976
138977
138978
139180
139311
139312
140625
140688
140787
140788
140791
140802
140895
141131
142832
142862
142935
142939
142960
142964
143123
143595
143642
143643
143644
143645
143646
143686
143797
143799
143803
143956
143957
143958
143959
143960
143961
143962
144009
144011
144012
144045
144219
144245
144246
144690
144760
144845
144990
145095
145115
145118
145119
145349
145450
145729
145731
145966
145999
146132
146237
146343
146554
146707
146720
147375
147901
148611
148957
148975
148981
149004
149137
149144
149146
149235
149454
149545
149626
149723
149724
150034
150851
151107
151155
151310
152409
152438
152556
152705
152710
152996
153242
153262
153596
153677
153871
153887
153910
154119
154367
154716
154717
154812
154831
155130
155131
155299
155439
155473
155571
155603
155678
155679
155681
155682
155683
155684
155686
155687
155690
155691
155692
155835
155930
156037
156038
156039
156040
156181
156297
156430
156992
157295
157316
157328
157493
157541
157543
157550
157615
157618
157620
157650
157776
157777
157779
157780
157781
157791
157792
157793
157794
157795
157965
158233
158253
158266
158287
158290
158332
158336
158351
158379
158380
158382
158524
158528
158609
158788
158797
158808
158911
158918
158919
158921
159238
159285
159411
159418
159565
159666
159736
159775
159778
159869
160063
160075
160076
160078
160199
160257
160308
160310
160311
160315
160340
160343
160348
160351
160379
160380
160381
160388
160392
160404
160445
160461
160475
160499
160515
160538
160539
160541
160547
160715
160723
160724
160792
161099
161115
161118
161123
161191
161410
161427
161428
161429
161430
161591
161675
161676
161677
161678
161713
161755
162219
162267
162327
162338
162511
162550
162671
162751
162752
162753
162954
163155
163156
163161
163248
163341
163348
163450
163556
163703
163709
163782
163877
163944
163946
163947
163948
163950
163952
163953
163954
163956
163959
163963
163964
163965
163966
163985
164017
164043
164312
164322
164355
164532
164533
164536
164731
164832
164839
164856
164857
165080
165117
165244
165255
165277
165301
165412
165413
165414
165415
165416
165442
165475
165547
165548
165631
165640
165701
165778
165791
166056
166063
166096
166136
166551
166717
166783
166910
166950
167092
167402
167478
167572
167574
167694
167902
167998
168169
168172
168183
168529
168601
168668
168998
169095
169216
169265
169546
169773
169797
170074
170081
170109
170377
170395
170635
170697
170895
170984
171062
171093
171243
171604
171674
171704
171754
171825
171927
172123
172295
172548
172615
172799
172862
172907
172913
172914
172948
172959
173016
173017
173090
173132
173198
173204
173288
173292
173482
173499
173849
174019
174020
174415
174434
174464
174549
174881
175044
175079
175288
175390
175521
175577
175601
175605
175615
175622
175750
175907
175909
176585
176887
176992
177147
177438
177673
177683
177685
177691
177773
177810
177869
177870
177871
177872
178007
178039
178135
178307
178363
178364
178365
178366
178367
178434
178643
178710
178768
178770
178771
178927
178969
178989
179181
179479
179496
179653
179736
179783
179784
179810
179984
179985
180042
180043
180158
180399
180416
180419
180621
180646
180647
180684
180868
180909
180916
181150
181155
181157
181176
181340
181341
181342
181343
181345
181354
181374
181430
181504
181506
181510
181511
181512
181513
181514
181517
181522
181526
181528
181632
181675
181689
181709
181748
181753
181758
181759
181763
181795
181798
181832
181833
181838
181847
181849
181853
181857
181863
181876
181900
181901
181904
181920
181923
181941
181951
181952
181960
181980
181981
182018
182034
182040
182226
182228
182230
182276
182277
182306
182407
182409
182431
182476
182497
182573
182672
182698
182707
182708
182709
182733
182848
182856
182858
182859
182897
182934
182937
182943
183006
183010
183019
183077
183083
183087
183092
183203
183242
183243
183266
183272
183277
183278
183281
183282
183321
183341
183345
183350
183367
183368
183393
183416
183418
183425
183429
183430
183443
183444
183459
183538
183539
183542
183558
183603
183605
183610
183614
183615
183641
183738
183862
183863
184023
184091
184092
184093
184120
184123
184126
184127
184140
184322
184491
184502
184524
184558
184615
184645
184866
184903
184904
184905
184906
184928
184937
184945
184951
185027
185043
185080
185091
185099
185210
185369
185370
185425
185566
185585
185648
185834
185951
186031
186221
186280
186316
186602
186719
186865
186866
186868
186870
186926
186979
187001
187009
187013
187052
187320
187323
187340
187364
187394
187424
187426
187448
187535
187674
187737
187969
188026
188030
188078
188079
188080
188081
188283
188352
188364
188367
188368
188369
188370
188431
188439
188475
188590
188591
188669
188720
188740
188826
188846
188875
189051
189282
189310
189322
189362
189363
189369
189378
189393
189416
189419
189421
189436
189445
189517
189687
189694
189712
189781
189827
189993
190018
190021
190022
190189
190211
190297
190319
190340
190341
190350
190497
190698
190736
190808
190816
190836
190968
191044
191059
191271
191287
191439
191441
191692
191797
191839
191845
191962
191966
192135
192180
192184
192192
192237
192238
192255
192290
192401
192406
192433
192456
192733
192812
192863
192901
193220
193266
193283
193316
193351
193352
193359
193379
193380
193381
193383
193417
193579
193625
193714
193790
193804
193821
193824
193825
193828
193839
193866
193915
194015
194185
194433
194450
194451
194472
194668
194669
194672
194723
194748
195017
195039
195056
195057
195062
195063
195074
195088
195096
195097
195098
195100
195195
195336
195340
195347
195348
195379
195477
195479
195483
195485
195492
195603
195614
195744
195775
195790
195793
195804
195828
195936
195973
195996
196008
196030
196079
196081
196094
196095
196108
196120
196157
196161
196164
196171
196260
196314
196315
196321
196336
196359
196368
196379
196380
196381
196382
196383
196384
196391
196418
196544
196594
196634
196650
196668
196701
196703
196856
196963
197032
197033
197034
197273
197275
197277
197335
197336
197558
197559
197562
197575
197576
197577
197578
197579
197604
197708
197711
197830
198037
198105
198314
198338
198361
198362
198381
198602
198659
198742
198830
198896
198926
199083
199129
199299
199363
199432
199517
199519
199595
199601
199620
199635
199651
199779
199970
200095
200135
200236
200467
200560
200572
200575
200581
200679
200729
200730
200733
200770
200819
200829
200862
200871
200910
200988
201134
201172
201173
201325
201337
201402
201403
201508
201595
201639
201642
201705
201707
201776
201853
201864
201870
201912
201924
201941
202140
202160
202229
202294
202332
202502
202595
202625
202626
202637
202728
202770
202957
202958
202987
203000
203033
203066
203155
203217
203231
203232
203276
203357
203360
203436
203452
203558
203575
203576
203615
203663
203710
203806
203863
203909
203927
204021
204077
204125
204136
204233
204341
204431
204442
204443
204491
204656
204747
204758
204765
204977
205099
205107
205108
205212
205273
205274
205339
205577
205679
205699
205707
205766
205831
205849
205859
205862
205863
205871
205872
205887
205899
205900
205972
205999
206018
206056
206080
206094
206273
206309
206350
206424
206425
206447
206567
206680
206681
206766
206781
206784
206916
206925
207040
207108
207147
207178
207280
207322
207365
207434
207439
207534
207545
207554
207569
207570
207571
207581
207587
207601
207603
207834
207841
207845
207880
207888
207896
208067
208075
208101
208126
208150
208151
208152
208153
208163
208174
208207
208230
208308
208317
208329
208492
208534
208559
208606
208608
208609
208610
208625
208643
208645
208646
208647
208659
208671
208676
208796
208798
208812
208813
208814
208816
208822
208875
208879
208889
208943
209018
209083
209084
209092
209241
209359
209360
209463
209545
209642
209707
209727
209765
209773
209987
209990
210063
210064
210084
210087
210113
210114
210144
210256
210389
210442
210475
210502
210541
210594
210612
210636
210698
210837
210870
210984
210985
211137
211138
211140
211157
211232
211238
211268
211269
211270
211272
211306
211431
211454
211465
211485
211546
211551
211577
211590
211667
211688
211700
211775
211861
211862
211877
211896
211947
212016
212033
212072
212155
212184
212321
212447
212518
212626
212648
212847
212885
213076
213161
213227
213255
213319
213335
213339
213418
213478
213480
213590
213691
213692
213693
213802
213880
213982
213991
214016
214017
214019
214038
214099
214110
214111
214230
214236
214254
214255
214257
214343
214454
214500
214501
214503
214525
214564
214572
214779
214833
214944
214971
215048
215050
215079
215150
215181
215210
215289
215310
215332
215334
215366
215405
215406
215568
215584
215627
215701
215704
215768
215785
215786
215885
215933
216005
216067
216071
216075
216083
216127
216129
216228
216229
216392
216612
216647
216689
216849
216899
217195
217204
217205
217417
217496
217766
217808
217892
217898
217938
217961
217974
217975
217976
217979
218045
218046
218179
218180
218338
218367
218615
218724
218725
218744
218745
218794
218815
218825
218873
218934
219131
219293
219364
219384
219592
219593
219621
219625
219705
219771
219784
219791
219792
219867
220061
220137
220159
220165
220167
220171
220182
220190
220200
220215
220236
220314
220326
220349
220359
220423
220427
