15187
23078
29459
32252
36935
44613
45626
47412
50438
54664
56917
57881
57882
57883
59113
59308
59374
66993
67620
70019
70021
70023
70025
70027
70561
71958
71959
72911
72968
73078
73079
73080
73198
74056
75726
77455
80261
80353
82681
82683
85541
85542
85544
85545
91058
91380
95914
97024
97057
97555
97575
97881
98246
99618
103477
103501
104755
104932
105213
105371
106895
108109
108489
109110
110674
111166
113135
114788
114789
115180
115300
116380
116920
116931
116954
117130
117593
117968
118513
118683
118757
118940
119482
119572
119582
119594
120125
120393
120428
121869
122034
122599
122600
122601
122602
122603
122604
122707
122883
123068
123299
123772
124105
124217
124510
125268
125353
125354
126087
126901
127145
127509
127510
127511
127512
127513
127514
127895
127950
128217
128421
128695
128900
129046
129373
129736
129763
129773
129871
129993
130127
130133
130457
130650
130668
130718
130721
130829
131143
131485
131624
132479
132572
132739
132773
133213
133216
133235
133242
133912
134511
135117
135121
135125
135358
135677
136141
136160
136752
136841
137901
137932
138339
138601
138841
138844
138947
138969
138970
138972
138973
138974
138975
138976
138977
138978
139311
139312
140625
140787
140788
140791
140802
140895
142862
142935
142939
142964
143123
143595
143642
143643
143644
143645
143646
143799
143803
143957
143958
143959
143961
144009
144011
144012
144219
144245
144246
144845
144990
145349
145450
145729
145731
145999
146132
146237
146343
146554
146720
147375
147901
148611
148975
148981
149004
149137
149144
149146
149454
149626
149723
149724
150034
151107
151155
151310
152556
152705
152710
152996
153677
153871
153887
154119
154367
154716
154717
154812
155131
155439
155473
155571
155603
155678
155681
155682
155683
155684
155686
155687
155690
155691
155692
156037
156038
156039
156040
156992
157295
157316
157328
157493
157541
157543
157550
157615
157618
157620
157781
157791
157792
157793
157794
157795
157965
158266
158290
158332
158336
158379
158380
158382
158524
158528
158797
158808
158911
158918
158919
158921
159238
159285
159411
159418
159565
159666
159736
159775
159778
159869
160063
160076
160199
160257
160308
160310
160311
160315
160340
160348
160351
160379
160380
160388
160392
160404
160445
160461
160475
160499
160515
160538
160723
160724
160792
161099
161115
161118
161123
161191
161410
161427
161428
161429
161430
161675
161676
161677
161678
161713
161755
162267
162327
162338
162511
162671
162751
162752
162753
162954
163248
163341
163348
163450
163556
163709
163877
163944
163946
163947
163948
163950
163952
163953
163954
163956
163959
163964
163965
163966
164017
164043
164533
164536
164832
164839
164856
164857
165080
165117
165244
165255
165277
165301
165412
165413
165414
165415
165416
165442
165631
165640
165701
165791
166063
166136
166551
167092
167402
167478
167572
167574
167694
167902
167998
168169
168183
168601
168668
169095
169216
169265
169546
169773
170074
170081
170109
170377
170635
170697
170895
170984
171093
171243
171604
171674
171704
171754
171927
172123
172295
172548
172799
172862
172907
172948
172959
173016
173017
173090
173132
173198
173204
173288
173292
173849
174019
174020
174434
174464
174549
174881
175044
175079
175521
175615
175750
175907
175909
176887
176992
177147
177673
177683
177685
177691
177773
177810
177869
177870
177871
177872
178007
178039
178135
178307
178363
178364
178365
178366
178367
178643
178710
178768
178770
178771
178927
178969
179496
179653
179783
179784
179810
179984
179985
180042
180043
180158
180399
180621
180646
180868
180909
181150
181155
181176
181341
181342
181343
181354
181374
181504
181510
181511
181512
181513
181514
181517
181522
181526
181528
181632
181675
181689
181709
181753
181758
181759
181763
181795
181798
181832
181833
181838
181847
181849
181853
181857
181863
181876
181900
181901
181904
181920
181923
181941
181951
181952
181960
181980
181981
182018
182034
182040
182226
182228
182230
182276
182277
182306
182407
182409
182431
182476
182497
182573
182672
182698
182707
182708
182709
182733
182848
182856
182858
182859
182897
182934
182937
182943
183006
183010
183019
183077
183083
183087
183092
183203
183242
183243
183266
183272
183277
183278
183281
183282
183321
183341
183345
183350
183367
183368
183393
183416
183418
183425
183429
183430
183443
183444
183459
183538
183539
183542
183558
183603
183605
183610
183614
183615
183641
183738
183862
183863
184091
184092
184093
184120
184123
184126
184127
184140
184322
184491
184502
184524
184558
184615
184645
184866
184903
184904
184905
184906
184928
184945
184951
185027
185043
185080
185091
185099
185210
185369
185370
185425
185566
185648
185834
185951
186031
186221
186280
186316
186602
186719
186865
186866
186868
186870
186926
186979
187001
187009
187013
187052
187320
187323
187340
187364
187394
187424
187426
187535
187674
187737
187969
188026
188078
188079
188080
188081
188283
188352
188364
188367
188368
188369
188370
188431
188439
188475
188590
188591
188669
188720
188740
188826
188846
189051
189282
189310
189322
189362
189363
189369
189378
189393
189416
189419
189421
189436
189445
189687
189694
189712
189781
189827
189993
190018
190021
190022
190189
190211
190297
190340
190341
190350
190497
190698
190736
190808
190816
190836
190968
191044
191059
191271
191287
191439
191441
191692
191797
191839
191845
191962
191966
192135
192180
192184
192192
192237
192238
192255
192290
192401
192406
192433
192456
192733
192812
192863
192901
193220
193283
193316
193351
193352
193359
193379
193380
193381
193383
193417
193579
193625
193790
193804
193821
193824
193825
193828
193839
193866
193915
194015
194185
194433
194450
194451
194472
194668
194669
194672
194723
194748
195017
195039
195056
195057
195062
195063
195074
195096
195097
195098
195100
195195
195336
195340
195347
195348
195379
195477
195479
195483
195485
195492
195603
195614
195744
195775
195790
195793
195804
195828
195936
195973
196008
196030
196079
196081
196094
196095
196108
196120
196157
196161
196164
196171
196260
196314
196315
196321
196336
196359
196368
196379
196380
196381
196382
196383
196384
196391
196418
196544
196594
196634
196650
196668
196701
196703
196856
196963
197032
197033
197034
197273
197275
197277
197335
197336
197558
197559
197562
197575
197576
197577
197578
197579
197604
197708
197711
198037
198105
198314
198338
198361
198362
198381
198602
198742
198830
198896
198926
199083
199129
199299
199363
199517
199519
199595
199601
199620
199635
199651
199970
200095
200135
200467
200560
200572
200575
200581
200679
200729
200730
200733
200770
200819
200829
200871
200910
200988
201134
201172
201173
201337
201402
201403
201595
201639
201642
201705
201707
201776
201853
201864
201870
201912
201924
201941
202160
202229
202294
202332
202502
202595
202625
202626
202637
202728
202770
202957
202958
202987
203000
203033
203066
203155
203217
203231
203232
203276
203360
203436
203452
203558
203575
203576
203615
203663
203806
203863
203927
204021
204077
204125
204136
204233
204431
204442
204443
204656
204747
204758
204765
204977
205099
205107
205108
205212
205273
205274
205339
205577
205679
205699
205766
205831
205849
205859
205862
205863
205871
205872
205887
205899
205900
205972
205999
206080
206094
206273
206309
206350
206424
206425
206447
206567
206680
206681
206781
206784
206916
206925
207040
207108
207178
207280
207434
207439
207534
207545
207554
207569
207570
207571
207581
207587
207601
207603
207834
207845
207880
207888
207896
208067
208075
208126
208150
208151
208152
208153
208163
208174
208207
208230
208308
208317
208329
208534
208559
208606
208608
208609
208610
208625
208643
208645
208646
208647
208659
208671
208676
208796
208812
208813
208814
208816
208822
208875
208879
208889
208943
209018
209083
209084
209092
209241
209359
209360
209463
209642
209707
209727
209765
209773
209987
209990
210063
210064
210087
210113
210114
210144
210389
210442
210475
210502
210541
210636
210837
210870
210984
210985
211137
211138
211140
211157
211232
211238
211268
211269
211270
211272
211306
211431
211454
211465
211485
211546
211551
211577
211590
211667
211688
211700
211775
211861
211862
211896
211947
212016
212033
212072
212155
212184
212321
212447
212518
212626
212648
212847
212885
213076
213161
213227
213255
213319
213335
213339
213418
213478
213480
213590
213691
213692
213693
213802
213982
213991
214016
214017
214019
214038
214099
214110
214111
214230
214236
214254
214255
214257
